{
 "cells": [
  {
   "cell_type": "code",
   "execution_count": 1,
   "metadata": {},
   "outputs": [],
   "source": [
    "import matplotlib\n",
    "%matplotlib inline\n",
    "from matplotlib import pyplot as plt"
   ]
  },
  {
   "cell_type": "code",
   "execution_count": 2,
   "metadata": {},
   "outputs": [],
   "source": [
    "import os\n",
    "from pathlib import Path\n",
    "import numpy as np\n",
    "import torch\n",
    "from torch.backends import cudnn\n",
    "\n",
    "os.environ['CUDA_VISIBLE_DEVICES'] = '0'\n",
    "device = torch.device(\"cuda:0\" if torch.cuda.is_available() else \"cpu\")"
   ]
  },
  {
   "cell_type": "markdown",
   "metadata": {},
   "source": [
    "## Configuration"
   ]
  },
  {
   "cell_type": "code",
   "execution_count": 3,
   "metadata": {},
   "outputs": [],
   "source": [
    "import torch.utils.model_zoo\n",
    "\n",
    "MOPED_PATH = Path('')\n",
    "LINEMOD_PATH = Path('/ssd_scratch/cvit/amoghtiwari/latentfusion/data/lm_format')\n",
    "CHECKPOINT = Path('/ssd_scratch/cvit/amoghtiwari/latentfusion/checkpoints/latentfusion-release.pth')\n",
    "num_input_views = 8"
   ]
  },
  {
   "cell_type": "code",
   "execution_count": 4,
   "metadata": {},
   "outputs": [],
   "source": [
    "import sys\n",
    "sys.path.insert(0,'../')\n",
    "\n",
    "##########\n",
    "checkpoint = CHECKPOINT\n",
    "############"
   ]
  },
  {
   "cell_type": "code",
   "execution_count": 5,
   "metadata": {},
   "outputs": [
    {
     "name": "stderr",
     "output_type": "stream",
     "text": [
      "\u001b[2m2022-07-07 10:24.17\u001b[0m [\u001b[33m\u001b[1mwarning  \u001b[0m] \u001b[1mcould not import PCL          \u001b[0m [\u001b[34m\u001b[1mlatentfusion.pointcloud\u001b[0m] \n",
      "\u001b[2m2022-07-07 10:24.21\u001b[0m [\u001b[32m\u001b[1minfo     \u001b[0m] \u001b[1mloaded model                  \u001b[0m [\u001b[34m\u001b[1mlatentfusion.recon.inference\u001b[0m] \u001b[36mepoch\u001b[0m=\u001b[35m200\u001b[0m \u001b[36mname\u001b[0m=\u001b[35mshapenet,no_mask_morph,fixed_eqlr,256,mask,depth,in_mask,mask_noise_p=0.25,sm=nearest,fuser=gru-branched_20200509_10h19m10s-branched_20200509_10h42m53s-branched_20200509_10h46m53s-branched_20200509_10h48m49s\u001b[0m\n"
     ]
    }
   ],
   "source": [
    "from latentfusion.recon.inference import LatentFusionModel\n",
    "\n",
    "model = LatentFusionModel.from_checkpoint(checkpoint, device)"
   ]
  },
  {
   "cell_type": "code",
   "execution_count": 6,
   "metadata": {},
   "outputs": [
    {
     "name": "stderr",
     "output_type": "stream",
     "text": [
      "Adding Anaconda lib path:/home/amoghtiwari/miniconda3/envs/latentfusion/lib/\n"
     ]
    }
   ],
   "source": [
    "from latentfusion.recon.inference import Observation\n",
    "from latentfusion.pose import bop\n",
    "from latentfusion.datasets.bop_new import BOPDataset\n",
    "from latentfusion.datasets.realsense import RealsenseDataset\n",
    "import latentfusion.visualization as viz\n",
    "from latentfusion.augment import gan_denormalize\n",
    "from latentfusion import meshutils\n",
    "from latentfusion import augment"
   ]
  },
  {
   "cell_type": "markdown",
   "metadata": {},
   "source": [
    "## Load Dataset"
   ]
  },
  {
   "cell_type": "markdown",
   "metadata": {},
   "source": [
    "### LINEMOD\n",
    "\n",
    "Uncomment this and comment out the MOPED cell to use LINEMOD."
   ]
  },
  {
   "cell_type": "code",
   "execution_count": 7,
   "metadata": {},
   "outputs": [
    {
     "name": "stdout",
     "output_type": "stream",
     "text": [
      "object_scale 0.0014823647857343534\n"
     ]
    }
   ],
   "source": [
    "object_id = 201\n",
    "frame = 0\n",
    "input_scene_path = LINEMOD_PATH / f'train/{object_id:06d}'\n",
    "target_scene_path = LINEMOD_PATH / f'test/{object_id:06d}'\n",
    "\n",
    "input_dataset = BOPDataset(LINEMOD_PATH, input_scene_path, object_id=object_id, object_scale=None)\n",
    "print('object_scale', input_dataset.object_scale)\n",
    "target_dataset = BOPDataset(LINEMOD_PATH, target_scene_path, object_id=object_id, object_scale=None)\n",
    "object_scale_to_meters = 1.0 / (1000.0 * target_dataset.object_scale)\n",
    "pointcloud = input_dataset.load_pointcloud()"
   ]
  },
  {
   "cell_type": "markdown",
   "metadata": {},
   "source": [
    "### MOPED"
   ]
  },
  {
   "cell_type": "code",
   "execution_count": 8,
   "metadata": {
    "scrolled": true
   },
   "outputs": [],
   "source": [
    "# object_id = 'toy_plane'\n",
    "# frame = 100\n",
    "\n",
    "# input_scene_dir = MOPED_PATH / object_id / 'reference'\n",
    "# target_scene_dir = MOPED_PATH / object_id / 'evaluation'\n",
    "\n",
    "# pointcloud_path = input_scene_dir / 'integrated_registered_processed.obj'\n",
    "# obj = meshutils.Object3D(pointcloud_path)\n",
    "# pointcloud = torch.tensor(obj.vertices, dtype=torch.float32)\n",
    "# diameter = obj.bounding_diameter\n",
    "# object_scale = 1.0 / diameter\n",
    "# object_scale_to_meters = 1.0 / object_scale\n",
    "\n",
    "# input_paths = [x for x in input_scene_dir.iterdir() if x.is_dir()]\n",
    "# input_dataset = RealsenseDataset(input_paths,\n",
    "#                                  image_scale=1.0,\n",
    "#                                  object_scale=object_scale,\n",
    "#                                  odometry_type='open3d')\n",
    "# target_paths = sorted([x for x in target_scene_dir.iterdir() if x.is_dir()])\n",
    "# target_dataset = RealsenseDataset(target_paths,\n",
    "#                                   image_scale=1.0,\n",
    "#                                   object_scale=object_scale,\n",
    "#                                   odometry_type='open3d',\n",
    "#                                   use_registration=True)"
   ]
  },
  {
   "cell_type": "markdown",
   "metadata": {},
   "source": [
    "### Process Dataset into Observations\n",
    "\n",
    "Here we load the data into the `Observation` class."
   ]
  },
  {
   "cell_type": "markdown",
   "metadata": {},
   "source": [
    "#### Without Preprocessing and Denormalize"
   ]
  },
  {
   "cell_type": "code",
   "execution_count": 9,
   "metadata": {},
   "outputs": [],
   "source": [
    "# input_obs = Observation.from_dataset(input_dataset, inds=input_dataset.sample_evenly(num_input_views))\n",
    "\n",
    "# datum = next(iter(input_dataset))\n",
    "# img = datum['color']\n",
    "# depth_img = datum['depth']\n",
    "# mask_img = datum['mask']\n",
    "\n",
    "\n",
    "# plt.figure(figsize=(20, 10))\n",
    "# plt.subplot(131)\n",
    "# viz.show_batch(input_obs.color, nrow=4)\n",
    "# plt.subplot(132)\n",
    "# viz.show_batch(input_obs.depth, nrow=4)\n",
    "# plt.subplot(133)\n",
    "# viz.show_batch(input_obs.mask, nrow=4)"
   ]
  },
  {
   "cell_type": "code",
   "execution_count": 10,
   "metadata": {},
   "outputs": [],
   "source": [
    "# datum = next(iter(input_dataset))\n",
    "# img = datum['color']\n",
    "# depth_img = datum['depth']\n",
    "# mask_img = datum['mask']\n",
    "\n",
    "\n",
    "# plt.figure(figsize=(20, 10))\n",
    "# plt.subplot(131)\n",
    "# viz.show_batch(img, nrow=4)\n",
    "# plt.subplot(132)\n",
    "# viz.show_batch(datum['depth'], nrow=4)\n",
    "# plt.subplot(133)\n",
    "# plt.imshow(datum['mask'], cmap='gray')"
   ]
  },
  {
   "cell_type": "markdown",
   "metadata": {},
   "source": [
    "##### Mask Overlay"
   ]
  },
  {
   "cell_type": "code",
   "execution_count": 11,
   "metadata": {},
   "outputs": [],
   "source": [
    "# plt.imshow(img.permute(1,2,0)) # I would add interpolation='none'\n",
    "# # plt.show()\n",
    "# plt.imshow(mask_img, cmap='gray', alpha=0.5) # interpolation='none'\n",
    "# plt.show()"
   ]
  },
  {
   "cell_type": "markdown",
   "metadata": {},
   "source": [
    "#### COMMENT: Checked till here. Everything is fine. Preprocessing step is causing problems"
   ]
  },
  {
   "cell_type": "code",
   "execution_count": 12,
   "metadata": {},
   "outputs": [],
   "source": [
    "# input_obs_pp.mask.shape"
   ]
  },
  {
   "cell_type": "code",
   "execution_count": 13,
   "metadata": {},
   "outputs": [
    {
     "data": {
      "text/plain": [
       "tensor([ 0, 40, 65, 21, 80, 52, 14, 32])"
      ]
     },
     "execution_count": 13,
     "metadata": {},
     "output_type": "execute_result"
    }
   ],
   "source": [
    "input_dataset.sample_evenly(num_input_views)"
   ]
  },
  {
   "cell_type": "code",
   "execution_count": 14,
   "metadata": {},
   "outputs": [
    {
     "name": "stdout",
     "output_type": "stream",
     "text": [
      "Extrinsic pre decompose\n",
      " tensor([[[ 9.9987e-01,  1.6256e-02, -3.7082e-04,  1.9590e-01],\n",
      "         [-1.5927e-02,  9.7454e-01, -2.2364e-01, -1.0665e+00],\n",
      "         [-3.2741e-03,  2.2362e-01,  9.7467e-01,  1.0279e+01],\n",
      "         [ 0.0000e+00,  0.0000e+00,  0.0000e+00,  1.0000e+00]],\n",
      "\n",
      "        [[-9.0290e-01,  1.3783e-01, -4.0716e-01, -4.9836e-01],\n",
      "         [-2.4106e-01,  6.2189e-01,  7.4508e-01, -1.4939e+00],\n",
      "         [ 3.5590e-01,  7.7088e-01, -5.2827e-01,  1.5245e+01],\n",
      "         [ 0.0000e+00,  0.0000e+00,  0.0000e+00,  1.0000e+00]],\n",
      "\n",
      "        [[-4.7413e-01, -3.8281e-01,  7.9288e-01, -5.8209e-02],\n",
      "         [ 4.5839e-01,  6.6154e-01,  5.9350e-01, -1.2838e+00],\n",
      "         [-7.5172e-01,  6.4484e-01, -1.3818e-01,  1.2249e+01],\n",
      "         [ 0.0000e+00,  0.0000e+00,  0.0000e+00,  1.0000e+00]],\n",
      "\n",
      "        [[ 2.2231e-01,  3.1633e-01, -9.2223e-01,  1.2030e+00],\n",
      "         [-5.4970e-01,  8.2189e-01,  1.4941e-01, -1.6284e+00],\n",
      "         [ 8.0524e-01,  4.7373e-01,  3.5660e-01,  1.3801e+01],\n",
      "         [ 0.0000e+00,  0.0000e+00,  0.0000e+00,  1.0000e+00]],\n",
      "\n",
      "        [[ 5.3053e-01, -3.6379e-01,  7.6563e-01, -1.0414e+00],\n",
      "         [ 4.9103e-01,  8.6814e-01,  7.2252e-02, -7.9100e-01],\n",
      "         [-6.9096e-01,  3.3762e-01,  6.3921e-01,  1.0552e+01],\n",
      "         [ 0.0000e+00,  0.0000e+00,  0.0000e+00,  1.0000e+00]],\n",
      "\n",
      "        [[-9.8207e-01, -1.0116e-01,  1.5906e-01,  1.7283e-01],\n",
      "         [ 6.4560e-02,  6.1225e-01,  7.8803e-01, -2.0674e-01],\n",
      "         [-1.7710e-01,  7.8417e-01, -5.9474e-01,  1.3282e+01],\n",
      "         [ 0.0000e+00,  0.0000e+00,  0.0000e+00,  1.0000e+00]],\n",
      "\n",
      "        [[ 7.0990e-01,  2.5693e-01, -6.5577e-01,  7.2377e-01],\n",
      "         [-3.9511e-01,  9.1605e-01, -6.8823e-02, -2.0785e+00],\n",
      "         [ 5.8303e-01,  3.0796e-01,  7.5182e-01,  1.5379e+01],\n",
      "         [ 0.0000e+00,  0.0000e+00,  0.0000e+00,  1.0000e+00]],\n",
      "\n",
      "        [[-5.4227e-01,  2.5924e-01, -7.9921e-01, -2.0054e+00],\n",
      "         [-4.6321e-01,  7.0135e-01,  5.4179e-01, -2.3418e+00],\n",
      "         [ 7.0098e-01,  6.6400e-01, -2.6024e-01,  1.5790e+01],\n",
      "         [ 0.0000e+00,  0.0000e+00,  0.0000e+00,  1.0000e+00]]])\n",
      "rotation post decompose\n",
      " tensor([[[ 9.9987e-01,  1.6256e-02, -3.7082e-04,  0.0000e+00],\n",
      "         [-1.5927e-02,  9.7454e-01, -2.2364e-01,  0.0000e+00],\n",
      "         [-3.2741e-03,  2.2362e-01,  9.7467e-01,  0.0000e+00],\n",
      "         [ 0.0000e+00,  0.0000e+00,  0.0000e+00,  1.0000e+00]],\n",
      "\n",
      "        [[-9.0290e-01,  1.3783e-01, -4.0716e-01,  0.0000e+00],\n",
      "         [-2.4106e-01,  6.2189e-01,  7.4508e-01,  0.0000e+00],\n",
      "         [ 3.5590e-01,  7.7088e-01, -5.2827e-01,  0.0000e+00],\n",
      "         [ 0.0000e+00,  0.0000e+00,  0.0000e+00,  1.0000e+00]],\n",
      "\n",
      "        [[-4.7413e-01, -3.8281e-01,  7.9288e-01,  0.0000e+00],\n",
      "         [ 4.5839e-01,  6.6154e-01,  5.9350e-01,  0.0000e+00],\n",
      "         [-7.5172e-01,  6.4484e-01, -1.3818e-01,  0.0000e+00],\n",
      "         [ 0.0000e+00,  0.0000e+00,  0.0000e+00,  1.0000e+00]],\n",
      "\n",
      "        [[ 2.2231e-01,  3.1633e-01, -9.2223e-01,  0.0000e+00],\n",
      "         [-5.4970e-01,  8.2189e-01,  1.4941e-01,  0.0000e+00],\n",
      "         [ 8.0524e-01,  4.7373e-01,  3.5660e-01,  0.0000e+00],\n",
      "         [ 0.0000e+00,  0.0000e+00,  0.0000e+00,  1.0000e+00]],\n",
      "\n",
      "        [[ 5.3053e-01, -3.6379e-01,  7.6563e-01,  0.0000e+00],\n",
      "         [ 4.9103e-01,  8.6814e-01,  7.2252e-02,  0.0000e+00],\n",
      "         [-6.9096e-01,  3.3762e-01,  6.3921e-01,  0.0000e+00],\n",
      "         [ 0.0000e+00,  0.0000e+00,  0.0000e+00,  1.0000e+00]],\n",
      "\n",
      "        [[-9.8207e-01, -1.0116e-01,  1.5906e-01,  0.0000e+00],\n",
      "         [ 6.4560e-02,  6.1225e-01,  7.8803e-01,  0.0000e+00],\n",
      "         [-1.7710e-01,  7.8417e-01, -5.9474e-01,  0.0000e+00],\n",
      "         [ 0.0000e+00,  0.0000e+00,  0.0000e+00,  1.0000e+00]],\n",
      "\n",
      "        [[ 7.0990e-01,  2.5693e-01, -6.5577e-01,  0.0000e+00],\n",
      "         [-3.9511e-01,  9.1605e-01, -6.8823e-02,  0.0000e+00],\n",
      "         [ 5.8303e-01,  3.0796e-01,  7.5182e-01,  0.0000e+00],\n",
      "         [ 0.0000e+00,  0.0000e+00,  0.0000e+00,  1.0000e+00]],\n",
      "\n",
      "        [[-5.4227e-01,  2.5924e-01, -7.9921e-01,  0.0000e+00],\n",
      "         [-4.6321e-01,  7.0135e-01,  5.4179e-01,  0.0000e+00],\n",
      "         [ 7.0098e-01,  6.6400e-01, -2.6024e-01,  0.0000e+00],\n",
      "         [ 0.0000e+00,  0.0000e+00,  0.0000e+00,  1.0000e+00]]])\n",
      "translation post decompose\n",
      " tensor([[[ 1.0000,  0.0000,  0.0000,  0.1959],\n",
      "         [ 0.0000,  1.0000,  0.0000, -1.0665],\n",
      "         [ 0.0000,  0.0000,  1.0000, 10.2785],\n",
      "         [ 0.0000,  0.0000,  0.0000,  1.0000]],\n",
      "\n",
      "        [[ 1.0000,  0.0000,  0.0000, -0.4984],\n",
      "         [ 0.0000,  1.0000,  0.0000, -1.4939],\n",
      "         [ 0.0000,  0.0000,  1.0000, 15.2454],\n",
      "         [ 0.0000,  0.0000,  0.0000,  1.0000]],\n",
      "\n",
      "        [[ 1.0000,  0.0000,  0.0000, -0.0582],\n",
      "         [ 0.0000,  1.0000,  0.0000, -1.2838],\n",
      "         [ 0.0000,  0.0000,  1.0000, 12.2486],\n",
      "         [ 0.0000,  0.0000,  0.0000,  1.0000]],\n",
      "\n",
      "        [[ 1.0000,  0.0000,  0.0000,  1.2030],\n",
      "         [ 0.0000,  1.0000,  0.0000, -1.6284],\n",
      "         [ 0.0000,  0.0000,  1.0000, 13.8010],\n",
      "         [ 0.0000,  0.0000,  0.0000,  1.0000]],\n",
      "\n",
      "        [[ 1.0000,  0.0000,  0.0000, -1.0414],\n",
      "         [ 0.0000,  1.0000,  0.0000, -0.7910],\n",
      "         [ 0.0000,  0.0000,  1.0000, 10.5521],\n",
      "         [ 0.0000,  0.0000,  0.0000,  1.0000]],\n",
      "\n",
      "        [[ 1.0000,  0.0000,  0.0000,  0.1728],\n",
      "         [ 0.0000,  1.0000,  0.0000, -0.2067],\n",
      "         [ 0.0000,  0.0000,  1.0000, 13.2825],\n",
      "         [ 0.0000,  0.0000,  0.0000,  1.0000]],\n",
      "\n",
      "        [[ 1.0000,  0.0000,  0.0000,  0.7238],\n",
      "         [ 0.0000,  1.0000,  0.0000, -2.0785],\n",
      "         [ 0.0000,  0.0000,  1.0000, 15.3788],\n",
      "         [ 0.0000,  0.0000,  0.0000,  1.0000]],\n",
      "\n",
      "        [[ 1.0000,  0.0000,  0.0000, -2.0054],\n",
      "         [ 0.0000,  1.0000,  0.0000, -2.3418],\n",
      "         [ 0.0000,  0.0000,  1.0000, 15.7896],\n",
      "         [ 0.0000,  0.0000,  0.0000,  1.0000]]])\n",
      "Extrinsic pre decompose\n",
      " tensor([[[ 9.9987e-01,  1.6256e-02, -3.7082e-04,  1.9590e-01],\n",
      "         [-1.5927e-02,  9.7454e-01, -2.2364e-01, -1.0665e+00],\n",
      "         [-3.2741e-03,  2.2362e-01,  9.7467e-01,  1.0279e+01],\n",
      "         [ 0.0000e+00,  0.0000e+00,  0.0000e+00,  1.0000e+00]],\n",
      "\n",
      "        [[-9.0290e-01,  1.3783e-01, -4.0716e-01, -4.9836e-01],\n",
      "         [-2.4106e-01,  6.2189e-01,  7.4508e-01, -1.4939e+00],\n",
      "         [ 3.5590e-01,  7.7088e-01, -5.2827e-01,  1.5245e+01],\n",
      "         [ 0.0000e+00,  0.0000e+00,  0.0000e+00,  1.0000e+00]],\n",
      "\n",
      "        [[-4.7413e-01, -3.8281e-01,  7.9288e-01, -5.8209e-02],\n",
      "         [ 4.5839e-01,  6.6154e-01,  5.9350e-01, -1.2838e+00],\n",
      "         [-7.5172e-01,  6.4484e-01, -1.3818e-01,  1.2249e+01],\n",
      "         [ 0.0000e+00,  0.0000e+00,  0.0000e+00,  1.0000e+00]],\n",
      "\n",
      "        [[ 2.2231e-01,  3.1633e-01, -9.2223e-01,  1.2030e+00],\n",
      "         [-5.4970e-01,  8.2189e-01,  1.4941e-01, -1.6284e+00],\n",
      "         [ 8.0524e-01,  4.7373e-01,  3.5660e-01,  1.3801e+01],\n",
      "         [ 0.0000e+00,  0.0000e+00,  0.0000e+00,  1.0000e+00]],\n",
      "\n",
      "        [[ 5.3053e-01, -3.6379e-01,  7.6563e-01, -1.0414e+00],\n",
      "         [ 4.9103e-01,  8.6814e-01,  7.2252e-02, -7.9100e-01],\n",
      "         [-6.9096e-01,  3.3762e-01,  6.3921e-01,  1.0552e+01],\n",
      "         [ 0.0000e+00,  0.0000e+00,  0.0000e+00,  1.0000e+00]],\n",
      "\n",
      "        [[-9.8207e-01, -1.0116e-01,  1.5906e-01,  1.7283e-01],\n",
      "         [ 6.4560e-02,  6.1225e-01,  7.8803e-01, -2.0674e-01],\n",
      "         [-1.7710e-01,  7.8417e-01, -5.9474e-01,  1.3282e+01],\n",
      "         [ 0.0000e+00,  0.0000e+00,  0.0000e+00,  1.0000e+00]],\n",
      "\n",
      "        [[ 7.0990e-01,  2.5693e-01, -6.5577e-01,  7.2377e-01],\n",
      "         [-3.9511e-01,  9.1605e-01, -6.8823e-02, -2.0785e+00],\n",
      "         [ 5.8303e-01,  3.0796e-01,  7.5182e-01,  1.5379e+01],\n",
      "         [ 0.0000e+00,  0.0000e+00,  0.0000e+00,  1.0000e+00]],\n",
      "\n",
      "        [[-5.4227e-01,  2.5924e-01, -7.9921e-01, -2.0054e+00],\n",
      "         [-4.6321e-01,  7.0135e-01,  5.4179e-01, -2.3418e+00],\n",
      "         [ 7.0098e-01,  6.6400e-01, -2.6024e-01,  1.5790e+01],\n",
      "         [ 0.0000e+00,  0.0000e+00,  0.0000e+00,  1.0000e+00]]])\n",
      "rotation post decompose\n",
      " tensor([[[ 9.9987e-01,  1.6256e-02, -3.7082e-04,  0.0000e+00],\n",
      "         [-1.5927e-02,  9.7454e-01, -2.2364e-01,  0.0000e+00],\n",
      "         [-3.2741e-03,  2.2362e-01,  9.7467e-01,  0.0000e+00],\n",
      "         [ 0.0000e+00,  0.0000e+00,  0.0000e+00,  1.0000e+00]],\n",
      "\n",
      "        [[-9.0290e-01,  1.3783e-01, -4.0716e-01,  0.0000e+00],\n",
      "         [-2.4106e-01,  6.2189e-01,  7.4508e-01,  0.0000e+00],\n",
      "         [ 3.5590e-01,  7.7088e-01, -5.2827e-01,  0.0000e+00],\n",
      "         [ 0.0000e+00,  0.0000e+00,  0.0000e+00,  1.0000e+00]],\n",
      "\n",
      "        [[-4.7413e-01, -3.8281e-01,  7.9288e-01,  0.0000e+00],\n",
      "         [ 4.5839e-01,  6.6154e-01,  5.9350e-01,  0.0000e+00],\n",
      "         [-7.5172e-01,  6.4484e-01, -1.3818e-01,  0.0000e+00],\n",
      "         [ 0.0000e+00,  0.0000e+00,  0.0000e+00,  1.0000e+00]],\n",
      "\n",
      "        [[ 2.2231e-01,  3.1633e-01, -9.2223e-01,  0.0000e+00],\n",
      "         [-5.4970e-01,  8.2189e-01,  1.4941e-01,  0.0000e+00],\n",
      "         [ 8.0524e-01,  4.7373e-01,  3.5660e-01,  0.0000e+00],\n",
      "         [ 0.0000e+00,  0.0000e+00,  0.0000e+00,  1.0000e+00]],\n",
      "\n",
      "        [[ 5.3053e-01, -3.6379e-01,  7.6563e-01,  0.0000e+00],\n",
      "         [ 4.9103e-01,  8.6814e-01,  7.2252e-02,  0.0000e+00],\n",
      "         [-6.9096e-01,  3.3762e-01,  6.3921e-01,  0.0000e+00],\n",
      "         [ 0.0000e+00,  0.0000e+00,  0.0000e+00,  1.0000e+00]],\n",
      "\n",
      "        [[-9.8207e-01, -1.0116e-01,  1.5906e-01,  0.0000e+00],\n",
      "         [ 6.4560e-02,  6.1225e-01,  7.8803e-01,  0.0000e+00],\n",
      "         [-1.7710e-01,  7.8417e-01, -5.9474e-01,  0.0000e+00],\n",
      "         [ 0.0000e+00,  0.0000e+00,  0.0000e+00,  1.0000e+00]],\n",
      "\n",
      "        [[ 7.0990e-01,  2.5693e-01, -6.5577e-01,  0.0000e+00],\n",
      "         [-3.9511e-01,  9.1605e-01, -6.8823e-02,  0.0000e+00],\n",
      "         [ 5.8303e-01,  3.0796e-01,  7.5182e-01,  0.0000e+00],\n",
      "         [ 0.0000e+00,  0.0000e+00,  0.0000e+00,  1.0000e+00]],\n",
      "\n",
      "        [[-5.4227e-01,  2.5924e-01, -7.9921e-01,  0.0000e+00],\n",
      "         [-4.6321e-01,  7.0135e-01,  5.4179e-01,  0.0000e+00],\n",
      "         [ 7.0098e-01,  6.6400e-01, -2.6024e-01,  0.0000e+00],\n"
     ]
    },
    {
     "name": "stdout",
     "output_type": "stream",
     "text": [
      "         [ 0.0000e+00,  0.0000e+00,  0.0000e+00,  1.0000e+00]]])\n",
      "translation post decompose\n",
      " tensor([[[ 1.0000,  0.0000,  0.0000,  0.1959],\n",
      "         [ 0.0000,  1.0000,  0.0000, -1.0665],\n",
      "         [ 0.0000,  0.0000,  1.0000, 10.2785],\n",
      "         [ 0.0000,  0.0000,  0.0000,  1.0000]],\n",
      "\n",
      "        [[ 1.0000,  0.0000,  0.0000, -0.4984],\n",
      "         [ 0.0000,  1.0000,  0.0000, -1.4939],\n",
      "         [ 0.0000,  0.0000,  1.0000, 15.2454],\n",
      "         [ 0.0000,  0.0000,  0.0000,  1.0000]],\n",
      "\n",
      "        [[ 1.0000,  0.0000,  0.0000, -0.0582],\n",
      "         [ 0.0000,  1.0000,  0.0000, -1.2838],\n",
      "         [ 0.0000,  0.0000,  1.0000, 12.2486],\n",
      "         [ 0.0000,  0.0000,  0.0000,  1.0000]],\n",
      "\n",
      "        [[ 1.0000,  0.0000,  0.0000,  1.2030],\n",
      "         [ 0.0000,  1.0000,  0.0000, -1.6284],\n",
      "         [ 0.0000,  0.0000,  1.0000, 13.8010],\n",
      "         [ 0.0000,  0.0000,  0.0000,  1.0000]],\n",
      "\n",
      "        [[ 1.0000,  0.0000,  0.0000, -1.0414],\n",
      "         [ 0.0000,  1.0000,  0.0000, -0.7910],\n",
      "         [ 0.0000,  0.0000,  1.0000, 10.5521],\n",
      "         [ 0.0000,  0.0000,  0.0000,  1.0000]],\n",
      "\n",
      "        [[ 1.0000,  0.0000,  0.0000,  0.1728],\n",
      "         [ 0.0000,  1.0000,  0.0000, -0.2067],\n",
      "         [ 0.0000,  0.0000,  1.0000, 13.2825],\n",
      "         [ 0.0000,  0.0000,  0.0000,  1.0000]],\n",
      "\n",
      "        [[ 1.0000,  0.0000,  0.0000,  0.7238],\n",
      "         [ 0.0000,  1.0000,  0.0000, -2.0785],\n",
      "         [ 0.0000,  0.0000,  1.0000, 15.3788],\n",
      "         [ 0.0000,  0.0000,  0.0000,  1.0000]],\n",
      "\n",
      "        [[ 1.0000,  0.0000,  0.0000, -2.0054],\n",
      "         [ 0.0000,  1.0000,  0.0000, -2.3418],\n",
      "         [ 0.0000,  0.0000,  1.0000, 15.7896],\n",
      "         [ 0.0000,  0.0000,  0.0000,  1.0000]]])\n",
      "Extrinsic pre decompose\n",
      " tensor([[[ 9.9987e-01,  1.6256e-02, -3.7082e-04,  1.9590e-01],\n",
      "         [-1.5927e-02,  9.7454e-01, -2.2364e-01, -1.0665e+00],\n",
      "         [-3.2741e-03,  2.2362e-01,  9.7467e-01,  1.0279e+01],\n",
      "         [ 0.0000e+00,  0.0000e+00,  0.0000e+00,  1.0000e+00]]])\n",
      "rotation post decompose\n",
      " tensor([[[ 9.9987e-01,  1.6256e-02, -3.7082e-04,  0.0000e+00],\n",
      "         [-1.5927e-02,  9.7454e-01, -2.2364e-01,  0.0000e+00],\n",
      "         [-3.2741e-03,  2.2362e-01,  9.7467e-01,  0.0000e+00],\n",
      "         [ 0.0000e+00,  0.0000e+00,  0.0000e+00,  1.0000e+00]]])\n",
      "translation post decompose\n",
      " tensor([[[ 1.0000,  0.0000,  0.0000,  0.1959],\n",
      "         [ 0.0000,  1.0000,  0.0000, -1.0665],\n",
      "         [ 0.0000,  0.0000,  1.0000, 10.2785],\n",
      "         [ 0.0000,  0.0000,  0.0000,  1.0000]]])\n",
      "From notebeook; input_obs.color.shape torch.Size([8, 3, 480, 640])\n",
      "From notebeook; input_obs.mask.shape torch.Size([8, 1, 480, 640])\n",
      "From notebeook; input_obs.depth.shape torch.Size([8, 1, 480, 640])\n",
      "From observation.py zoom function start; mask torch.Size([8, 1, 480, 640])\n",
      "From observation.py zoom function start; color torch.Size([8, 3, 480, 640])\n",
      "From observation.py zoom function start; depth torch.Size([8, 1, 480, 640])\n",
      "Intrinsic matrix tensor([[[1.1908e+03, 0.0000e+00, 9.6850e+02, 0.0000e+00],\n",
      "         [0.0000e+00, 1.1903e+03, 5.4050e+02, 0.0000e+00],\n",
      "         [0.0000e+00, 0.0000e+00, 1.0000e+00, 0.0000e+00]],\n",
      "\n",
      "        [[1.5635e+03, 0.0000e+00, 9.7900e+02, 0.0000e+00],\n",
      "         [0.0000e+00, 1.5629e+03, 5.4200e+02, 0.0000e+00],\n",
      "         [0.0000e+00, 0.0000e+00, 1.0000e+00, 0.0000e+00]],\n",
      "\n",
      "        [[1.5332e+03, 0.0000e+00, 9.9950e+02, 0.0000e+00],\n",
      "         [0.0000e+00, 1.5324e+03, 5.0700e+02, 0.0000e+00],\n",
      "         [0.0000e+00, 0.0000e+00, 1.0000e+00, 0.0000e+00]],\n",
      "\n",
      "        [[1.3527e+03, 0.0000e+00, 9.9950e+02, 0.0000e+00],\n",
      "         [0.0000e+00, 1.3517e+03, 5.3650e+02, 0.0000e+00],\n",
      "         [0.0000e+00, 0.0000e+00, 1.0000e+00, 0.0000e+00]],\n",
      "\n",
      "        [[1.5597e+03, 0.0000e+00, 9.5200e+02, 0.0000e+00],\n",
      "         [0.0000e+00, 1.5590e+03, 5.3500e+02, 0.0000e+00],\n",
      "         [0.0000e+00, 0.0000e+00, 1.0000e+00, 0.0000e+00]],\n",
      "\n",
      "        [[1.8058e+03, 0.0000e+00, 9.9950e+02, 0.0000e+00],\n",
      "         [0.0000e+00, 1.8044e+03, 5.4250e+02, 0.0000e+00],\n",
      "         [0.0000e+00, 0.0000e+00, 1.0000e+00, 0.0000e+00]],\n",
      "\n",
      "        [[1.6675e+03, 0.0000e+00, 1.9150e+02, 0.0000e+00],\n",
      "         [0.0000e+00, 1.6641e+03, 1.0750e+02, 0.0000e+00],\n",
      "         [0.0000e+00, 0.0000e+00, 1.0000e+00, 0.0000e+00]],\n",
      "\n",
      "        [[1.7184e+03, 0.0000e+00, 1.9150e+02, 0.0000e+00],\n",
      "         [0.0000e+00, 1.7149e+03, 1.0750e+02, 0.0000e+00],\n",
      "         [0.0000e+00, 0.0000e+00, 1.0000e+00, 0.0000e+00]]])\n",
      "tranlation matrix playgroud\n",
      " tensor([[ 0.1959, -1.0665, 10.2785],\n",
      "        [-0.4984, -1.4939, 15.2454],\n",
      "        [-0.0582, -1.2838, 12.2486],\n",
      "        [ 1.2030, -1.6284, 13.8010],\n",
      "        [-1.0414, -0.7910, 10.5521],\n",
      "        [ 0.1728, -0.2067, 13.2825],\n",
      "        [ 0.7238, -2.0785, 15.3788],\n",
      "        [-2.0054, -2.3418, 15.7896]])\n",
      "tranlation matrixplaygroud  \n",
      " tensor([[[ 0.1959],\n",
      "         [-1.0665],\n",
      "         [10.2785]],\n",
      "\n",
      "        [[-0.4984],\n",
      "         [-1.4939],\n",
      "         [15.2454]],\n",
      "\n",
      "        [[-0.0582],\n",
      "         [-1.2838],\n",
      "         [12.2486]],\n",
      "\n",
      "        [[ 1.2030],\n",
      "         [-1.6284],\n",
      "         [13.8010]],\n",
      "\n",
      "        [[-1.0414],\n",
      "         [-0.7910],\n",
      "         [10.5521]],\n",
      "\n",
      "        [[ 0.1728],\n",
      "         [-0.2067],\n",
      "         [13.2825]],\n",
      "\n",
      "        [[ 0.7238],\n",
      "         [-2.0785],\n",
      "         [15.3788]],\n",
      "\n",
      "        [[-2.0054],\n",
      "         [-2.3418],\n",
      "         [15.7896]]])\n",
      "tensor([[[ 0.0000,  0.0000,  0.0000,  0.1959],\n",
      "         [ 0.0000,  0.0000,  0.0000, -1.0665],\n",
      "         [ 0.0000,  0.0000,  0.0000, 10.2785],\n",
      "         [ 0.0000,  0.0000,  0.0000,  0.0000]],\n",
      "\n",
      "        [[ 0.0000,  0.0000,  0.0000, -0.4984],\n",
      "         [ 0.0000,  0.0000,  0.0000, -1.4939],\n",
      "         [ 0.0000,  0.0000,  0.0000, 15.2454],\n",
      "         [ 0.0000,  0.0000,  0.0000,  0.0000]],\n",
      "\n",
      "        [[ 0.0000,  0.0000,  0.0000, -0.0582],\n",
      "         [ 0.0000,  0.0000,  0.0000, -1.2838],\n",
      "         [ 0.0000,  0.0000,  0.0000, 12.2486],\n",
      "         [ 0.0000,  0.0000,  0.0000,  0.0000]],\n",
      "\n",
      "        [[ 0.0000,  0.0000,  0.0000,  1.2030],\n",
      "         [ 0.0000,  0.0000,  0.0000, -1.6284],\n",
      "         [ 0.0000,  0.0000,  0.0000, 13.8010],\n",
      "         [ 0.0000,  0.0000,  0.0000,  0.0000]],\n",
      "\n",
      "        [[ 0.0000,  0.0000,  0.0000, -1.0414],\n",
      "         [ 0.0000,  0.0000,  0.0000, -0.7910],\n",
      "         [ 0.0000,  0.0000,  0.0000, 10.5521],\n",
      "         [ 0.0000,  0.0000,  0.0000,  0.0000]],\n",
      "\n",
      "        [[ 0.0000,  0.0000,  0.0000,  0.1728],\n",
      "         [ 0.0000,  0.0000,  0.0000, -0.2067],\n",
      "         [ 0.0000,  0.0000,  0.0000, 13.2825],\n",
      "         [ 0.0000,  0.0000,  0.0000,  0.0000]],\n",
      "\n",
      "        [[ 0.0000,  0.0000,  0.0000,  0.7238],\n",
      "         [ 0.0000,  0.0000,  0.0000, -2.0785],\n",
      "         [ 0.0000,  0.0000,  0.0000, 15.3788],\n",
      "         [ 0.0000,  0.0000,  0.0000,  0.0000]],\n",
      "\n",
      "        [[ 0.0000,  0.0000,  0.0000, -2.0054],\n",
      "         [ 0.0000,  0.0000,  0.0000, -2.3418],\n",
      "         [ 0.0000,  0.0000,  0.0000, 15.7896],\n",
      "         [ 0.0000,  0.0000,  0.0000,  0.0000]]])\n",
      "tensor([[[ 1.0000,  0.0000,  0.0000,  0.1959],\n",
      "         [ 0.0000,  1.0000,  0.0000, -1.0665],\n",
      "         [ 0.0000,  0.0000,  1.0000, 10.2785],\n",
      "         [ 0.0000,  0.0000,  0.0000,  1.0000]],\n",
      "\n",
      "        [[ 1.0000,  0.0000,  0.0000, -0.4984],\n",
      "         [ 0.0000,  1.0000,  0.0000, -1.4939],\n",
      "         [ 0.0000,  0.0000,  1.0000, 15.2454],\n",
      "         [ 0.0000,  0.0000,  0.0000,  1.0000]],\n",
      "\n",
      "        [[ 1.0000,  0.0000,  0.0000, -0.0582],\n",
      "         [ 0.0000,  1.0000,  0.0000, -1.2838],\n",
      "         [ 0.0000,  0.0000,  1.0000, 12.2486],\n",
      "         [ 0.0000,  0.0000,  0.0000,  1.0000]],\n",
      "\n",
      "        [[ 1.0000,  0.0000,  0.0000,  1.2030],\n",
      "         [ 0.0000,  1.0000,  0.0000, -1.6284],\n",
      "         [ 0.0000,  0.0000,  1.0000, 13.8010],\n",
      "         [ 0.0000,  0.0000,  0.0000,  1.0000]],\n",
      "\n",
      "        [[ 1.0000,  0.0000,  0.0000, -1.0414],\n",
      "         [ 0.0000,  1.0000,  0.0000, -0.7910],\n",
      "         [ 0.0000,  0.0000,  1.0000, 10.5521],\n",
      "         [ 0.0000,  0.0000,  0.0000,  1.0000]],\n",
      "\n",
      "        [[ 1.0000,  0.0000,  0.0000,  0.1728],\n",
      "         [ 0.0000,  1.0000,  0.0000, -0.2067],\n",
      "         [ 0.0000,  0.0000,  1.0000, 13.2825],\n",
      "         [ 0.0000,  0.0000,  0.0000,  1.0000]],\n",
      "\n",
      "        [[ 1.0000,  0.0000,  0.0000,  0.7238],\n",
      "         [ 0.0000,  1.0000,  0.0000, -2.0785],\n",
      "         [ 0.0000,  0.0000,  1.0000, 15.3788],\n",
      "         [ 0.0000,  0.0000,  0.0000,  1.0000]],\n",
      "\n",
      "        [[ 1.0000,  0.0000,  0.0000, -2.0054],\n",
      "         [ 0.0000,  1.0000,  0.0000, -2.3418],\n",
      "         [ 0.0000,  0.0000,  1.0000, 15.7896],\n",
      "         [ 0.0000,  0.0000,  0.0000,  1.0000]]])\n",
      "translation matrix tensor([[[ 1.0000,  0.0000,  0.0000,  0.1959],\n",
      "         [ 0.0000,  1.0000,  0.0000, -1.0665],\n",
      "         [ 0.0000,  0.0000,  1.0000, 10.2785],\n",
      "         [ 0.0000,  0.0000,  0.0000,  1.0000]],\n",
      "\n",
      "        [[ 1.0000,  0.0000,  0.0000, -0.4984],\n",
      "         [ 0.0000,  1.0000,  0.0000, -1.4939],\n",
      "         [ 0.0000,  0.0000,  1.0000, 15.2454],\n",
      "         [ 0.0000,  0.0000,  0.0000,  1.0000]],\n",
      "\n",
      "        [[ 1.0000,  0.0000,  0.0000, -0.0582],\n",
      "         [ 0.0000,  1.0000,  0.0000, -1.2838],\n",
      "         [ 0.0000,  0.0000,  1.0000, 12.2486],\n",
      "         [ 0.0000,  0.0000,  0.0000,  1.0000]],\n",
      "\n",
      "        [[ 1.0000,  0.0000,  0.0000,  1.2030],\n",
      "         [ 0.0000,  1.0000,  0.0000, -1.6284],\n",
      "         [ 0.0000,  0.0000,  1.0000, 13.8010],\n",
      "         [ 0.0000,  0.0000,  0.0000,  1.0000]],\n",
      "\n",
      "        [[ 1.0000,  0.0000,  0.0000, -1.0414],\n",
      "         [ 0.0000,  1.0000,  0.0000, -0.7910],\n",
      "         [ 0.0000,  0.0000,  1.0000, 10.5521],\n",
      "         [ 0.0000,  0.0000,  0.0000,  1.0000]],\n",
      "\n",
      "        [[ 1.0000,  0.0000,  0.0000,  0.1728],\n",
      "         [ 0.0000,  1.0000,  0.0000, -0.2067],\n",
      "         [ 0.0000,  0.0000,  1.0000, 13.2825],\n",
      "         [ 0.0000,  0.0000,  0.0000,  1.0000]],\n",
      "\n",
      "        [[ 1.0000,  0.0000,  0.0000,  0.7238],\n",
      "         [ 0.0000,  1.0000,  0.0000, -2.0785],\n",
      "         [ 0.0000,  0.0000,  1.0000, 15.3788],\n",
      "         [ 0.0000,  0.0000,  0.0000,  1.0000]],\n",
      "\n",
      "        [[ 1.0000,  0.0000,  0.0000, -2.0054],\n",
      "         [ 0.0000,  1.0000,  0.0000, -2.3418],\n",
      "         [ 0.0000,  0.0000,  1.0000, 15.7896],\n"
     ]
    },
    {
     "name": "stdout",
     "output_type": "stream",
     "text": [
      "         [ 0.0000,  0.0000,  0.0000,  1.0000]]])\n",
      "tranlation matrix playgroud\n",
      " tensor([[ 0.1959, -1.0665, 10.2785],\n",
      "        [-0.4984, -1.4939, 15.2454],\n",
      "        [-0.0582, -1.2838, 12.2486],\n",
      "        [ 1.2030, -1.6284, 13.8010],\n",
      "        [-1.0414, -0.7910, 10.5521],\n",
      "        [ 0.1728, -0.2067, 13.2825],\n",
      "        [ 0.7238, -2.0785, 15.3788],\n",
      "        [-2.0054, -2.3418, 15.7896]])\n",
      "tranlation matrixplaygroud  \n",
      " tensor([[[ 0.1959],\n",
      "         [-1.0665],\n",
      "         [10.2785]],\n",
      "\n",
      "        [[-0.4984],\n",
      "         [-1.4939],\n",
      "         [15.2454]],\n",
      "\n",
      "        [[-0.0582],\n",
      "         [-1.2838],\n",
      "         [12.2486]],\n",
      "\n",
      "        [[ 1.2030],\n",
      "         [-1.6284],\n",
      "         [13.8010]],\n",
      "\n",
      "        [[-1.0414],\n",
      "         [-0.7910],\n",
      "         [10.5521]],\n",
      "\n",
      "        [[ 0.1728],\n",
      "         [-0.2067],\n",
      "         [13.2825]],\n",
      "\n",
      "        [[ 0.7238],\n",
      "         [-2.0785],\n",
      "         [15.3788]],\n",
      "\n",
      "        [[-2.0054],\n",
      "         [-2.3418],\n",
      "         [15.7896]]])\n",
      "tensor([[[ 0.0000,  0.0000,  0.0000,  0.1959],\n",
      "         [ 0.0000,  0.0000,  0.0000, -1.0665],\n",
      "         [ 0.0000,  0.0000,  0.0000, 10.2785],\n",
      "         [ 0.0000,  0.0000,  0.0000,  0.0000]],\n",
      "\n",
      "        [[ 0.0000,  0.0000,  0.0000, -0.4984],\n",
      "         [ 0.0000,  0.0000,  0.0000, -1.4939],\n",
      "         [ 0.0000,  0.0000,  0.0000, 15.2454],\n",
      "         [ 0.0000,  0.0000,  0.0000,  0.0000]],\n",
      "\n",
      "        [[ 0.0000,  0.0000,  0.0000, -0.0582],\n",
      "         [ 0.0000,  0.0000,  0.0000, -1.2838],\n",
      "         [ 0.0000,  0.0000,  0.0000, 12.2486],\n",
      "         [ 0.0000,  0.0000,  0.0000,  0.0000]],\n",
      "\n",
      "        [[ 0.0000,  0.0000,  0.0000,  1.2030],\n",
      "         [ 0.0000,  0.0000,  0.0000, -1.6284],\n",
      "         [ 0.0000,  0.0000,  0.0000, 13.8010],\n",
      "         [ 0.0000,  0.0000,  0.0000,  0.0000]],\n",
      "\n",
      "        [[ 0.0000,  0.0000,  0.0000, -1.0414],\n",
      "         [ 0.0000,  0.0000,  0.0000, -0.7910],\n",
      "         [ 0.0000,  0.0000,  0.0000, 10.5521],\n",
      "         [ 0.0000,  0.0000,  0.0000,  0.0000]],\n",
      "\n",
      "        [[ 0.0000,  0.0000,  0.0000,  0.1728],\n",
      "         [ 0.0000,  0.0000,  0.0000, -0.2067],\n",
      "         [ 0.0000,  0.0000,  0.0000, 13.2825],\n",
      "         [ 0.0000,  0.0000,  0.0000,  0.0000]],\n",
      "\n",
      "        [[ 0.0000,  0.0000,  0.0000,  0.7238],\n",
      "         [ 0.0000,  0.0000,  0.0000, -2.0785],\n",
      "         [ 0.0000,  0.0000,  0.0000, 15.3788],\n",
      "         [ 0.0000,  0.0000,  0.0000,  0.0000]],\n",
      "\n",
      "        [[ 0.0000,  0.0000,  0.0000, -2.0054],\n",
      "         [ 0.0000,  0.0000,  0.0000, -2.3418],\n",
      "         [ 0.0000,  0.0000,  0.0000, 15.7896],\n",
      "         [ 0.0000,  0.0000,  0.0000,  0.0000]]])\n",
      "tensor([[[ 1.0000,  0.0000,  0.0000,  0.1959],\n",
      "         [ 0.0000,  1.0000,  0.0000, -1.0665],\n",
      "         [ 0.0000,  0.0000,  1.0000, 10.2785],\n",
      "         [ 0.0000,  0.0000,  0.0000,  1.0000]],\n",
      "\n",
      "        [[ 1.0000,  0.0000,  0.0000, -0.4984],\n",
      "         [ 0.0000,  1.0000,  0.0000, -1.4939],\n",
      "         [ 0.0000,  0.0000,  1.0000, 15.2454],\n",
      "         [ 0.0000,  0.0000,  0.0000,  1.0000]],\n",
      "\n",
      "        [[ 1.0000,  0.0000,  0.0000, -0.0582],\n",
      "         [ 0.0000,  1.0000,  0.0000, -1.2838],\n",
      "         [ 0.0000,  0.0000,  1.0000, 12.2486],\n",
      "         [ 0.0000,  0.0000,  0.0000,  1.0000]],\n",
      "\n",
      "        [[ 1.0000,  0.0000,  0.0000,  1.2030],\n",
      "         [ 0.0000,  1.0000,  0.0000, -1.6284],\n",
      "         [ 0.0000,  0.0000,  1.0000, 13.8010],\n",
      "         [ 0.0000,  0.0000,  0.0000,  1.0000]],\n",
      "\n",
      "        [[ 1.0000,  0.0000,  0.0000, -1.0414],\n",
      "         [ 0.0000,  1.0000,  0.0000, -0.7910],\n",
      "         [ 0.0000,  0.0000,  1.0000, 10.5521],\n",
      "         [ 0.0000,  0.0000,  0.0000,  1.0000]],\n",
      "\n",
      "        [[ 1.0000,  0.0000,  0.0000,  0.1728],\n",
      "         [ 0.0000,  1.0000,  0.0000, -0.2067],\n",
      "         [ 0.0000,  0.0000,  1.0000, 13.2825],\n",
      "         [ 0.0000,  0.0000,  0.0000,  1.0000]],\n",
      "\n",
      "        [[ 1.0000,  0.0000,  0.0000,  0.7238],\n",
      "         [ 0.0000,  1.0000,  0.0000, -2.0785],\n",
      "         [ 0.0000,  0.0000,  1.0000, 15.3788],\n",
      "         [ 0.0000,  0.0000,  0.0000,  1.0000]],\n",
      "\n",
      "        [[ 1.0000,  0.0000,  0.0000, -2.0054],\n",
      "         [ 0.0000,  1.0000,  0.0000, -2.3418],\n",
      "         [ 0.0000,  0.0000,  1.0000, 15.7896],\n",
      "         [ 0.0000,  0.0000,  0.0000,  1.0000]]])\n"
     ]
    },
    {
     "name": "stderr",
     "output_type": "stream",
     "text": [
      "../latentfusion/modules/geometry.py:361: UserWarning: torch.meshgrid: in an upcoming release, it will be required to pass the indexing argument. (Triggered internally at  /opt/conda/conda-bld/pytorch_1654413022026/work/aten/src/ATen/native/TensorShape.cpp:2890.)\n",
      "  grids = bboxes_to_grid(boxes, in_size, out_size)\n"
     ]
    },
    {
     "name": "stdout",
     "output_type": "stream",
     "text": [
      "Intrinsic matrix tensor([[[1.1908e+03, 0.0000e+00, 9.6850e+02, 0.0000e+00],\n",
      "         [0.0000e+00, 1.1903e+03, 5.4050e+02, 0.0000e+00],\n",
      "         [0.0000e+00, 0.0000e+00, 1.0000e+00, 0.0000e+00]],\n",
      "\n",
      "        [[1.5635e+03, 0.0000e+00, 9.7900e+02, 0.0000e+00],\n",
      "         [0.0000e+00, 1.5629e+03, 5.4200e+02, 0.0000e+00],\n",
      "         [0.0000e+00, 0.0000e+00, 1.0000e+00, 0.0000e+00]],\n",
      "\n",
      "        [[1.5332e+03, 0.0000e+00, 9.9950e+02, 0.0000e+00],\n",
      "         [0.0000e+00, 1.5324e+03, 5.0700e+02, 0.0000e+00],\n",
      "         [0.0000e+00, 0.0000e+00, 1.0000e+00, 0.0000e+00]],\n",
      "\n",
      "        [[1.3527e+03, 0.0000e+00, 9.9950e+02, 0.0000e+00],\n",
      "         [0.0000e+00, 1.3517e+03, 5.3650e+02, 0.0000e+00],\n",
      "         [0.0000e+00, 0.0000e+00, 1.0000e+00, 0.0000e+00]],\n",
      "\n",
      "        [[1.5597e+03, 0.0000e+00, 9.5200e+02, 0.0000e+00],\n",
      "         [0.0000e+00, 1.5590e+03, 5.3500e+02, 0.0000e+00],\n",
